69.5
69.55
69.56
69.52
69.48
69.45
69.43
69.41
69.39
69.37
69.35
69.34
69.32
69.3
69.28
69.25
69.21
69.18
69.16
69.14
69.12
69.11
69.1
69.08
69.07
69.05
69.04
69.03
69.02
69.0
68.99
68.99
69.0
69.01
69.0
68.99
68.98
68.96
68.94
68.92
68.9
68.88
68.87
68.85
68.84
68.82
68.8
68.78
68.76
68.74
68.72
68.7
68.69
68.67
68.66
68.65
68.64
68.62
68.61
68.6
68.59
68.58
68.57
68.56
68.55
68.55
68.54
68.54
68.53
68.53
68.52
68.52
68.52
68.51
68.51
68.5
68.5
68.49
68.49
68.48
68.47
68.46
68.46
68.45
68.45
68.44
68.44
68.43
68.43
68.42
68.42
68.41
68.41
68.41
68.4
68.4
68.4
68.4
68.4
68.41
68.41
68.41
68.41
68.41
68.41
68.41
68.41
68.41
68.42
68.42
68.42
68.43
68.43
68.44
68.44
68.45
68.46
68.46
68.47
68.47
68.48
68.48
68.48
68.49
68.49
68.49
68.49
68.5
68.5
68.5
68.5
68.51
68.51
68.52
68.52
68.52
68.53
68.53
68.54
68.54
68.55
68.55
68.56
68.56
68.57
68.57
68.57
68.58
68.58
68.58
