-54.0
-54.0
-54.0
-54.0
-54.0
-54.0
-54.0
-54.0
-54.0
-54.0
-54.0
-54.0
-54.0
-54.0
-54.0
-54.0
-54.0
-54.0
-54.0
-54.0
-54.0
-54.0
-54.0
-54.0
-55.0
-54.0
-54.0
-54.0
-54.0
-54.0
-54.0
-55.0
-55.0
-55.0
-55.0
-54.0
-56.0
-51.0
-54.0
-54.0
-54.0
-54.0
-72.0
-71.0
-79.0
-91.0
-86.0
-81.0
-79.0
-77.0
-80.0
-78.0
-64.0
-54.0
-54.0
-53.0
-53.0
-53.0
-53.0
-53.0
-53.0
-53.0
-53.0
-53.0
-53.0
-53.0
-53.0
-53.0
-53.0
-53.0
-53.0
-53.0
-53.0
-53.0
-53.0
-53.0
-53.0
-53.0
-53.0
-53.0
-53.0
-53.0
-53.0
-53.0
-53.0
-53.0
-53.0
-53.0
-53.0
-53.0
-53.0
-52.0
-53.0
-52.0
-53.0
-53.0
-53.0
-52.0
-52.0
-53.0
-53.0
-53.0
