-46
-46
-46
-46
-46
-46
-48
-48
-46
-46
-48
-48
-48
-48
-48
-48
-48
-48
-48
-48
-48
-48
-44
-44
-44
-44
-46
-46
-46
-44
-44
-44
-44
-46
-46
-46
-46
-46
-46
-46
-46
-46
-44
-44
-44
-44
-44
-44
-44
-44
-44
-44
-44
-44
-44
-44
-44
-44
-44
-46
-44
-46
-46
-44
-44
-44
-46
-46
-44
-44
-44
-46
-44
-44
-44
-44
-46
-44
-44
-44
-44
-44
-46
-44
-44
-46
-44
-44
-44
-44
-46
-44
-44
-44
-44
-46
-46
-44
-44
-44
-46
-46
-46
-44
-44
-46
-44
-46
-46
-46
-44
-44
-44
-44
-46
-46
-46
-46
-46
-46
-46
-46
-46
-44
-46
-46
-46
-44
-46
-44
-46
-44
-46
-44
-44
-44
-44
-46
-46
-44
-44
-46
-44
-46
-44
-44
-44
-46
-46
-44
-44
-44
-44
-44
-44
-44
-46
-44
-46
-46
-44
-46
-44
-46
-46
-46
-44
-46
-50
-48
-46
-48
-46
-48
-46
-46
-48
-48
-48
-48
-48
-46
-46
-46
-46
-46
-46
-46
-46
-48
-48
-46
-48
-46
-46
-48
-46
-48
-48
-48
-46
-48
-48
-48
-46
-46
-46
-46
-46
-46
-48
-48
-46
-48
-48
-46
-48
-46
-48
-48
-46
-48
-48
-46
-48
-48
-46
-46
-48
-48
-48
-48
-48
-46
-46
