766
768
768
768
770
767
768
768
767
770
766
767
768
767
771
767
768
768
767
770
767
770
766
769
766
767
767
766
768
771
767
767
768
769
769
767
768
771
767
766
768
769
767
769
769
767
771
767
769
767
768
769
768
773
767
768
770
767
768
805
855
852
775
797
774
771
774
768
769
774
768
769
774
768
769
802
717
726
641
617
622
672
639
673
658
656
658
653
649
660
646
647
655
643
644
631
631
637
636
659
615
648
629
622
634
660
744
702
706
704
707
699
703
706
687
681
697
731
743
756
759
767
763
755
756
758
766
762
755
759
765
754
758
759
755
761
762
813
630
697
681
669
672
675
679
687
686
682
668
670
673
674
678
679
686
685
675
670
673
679
686
672
673
680
681
669
680
675
673
687
669
678
672
687
668
673
685
668
674
682
668
675
679
668
675
675
669
681
669
671
682
668
686
668
682
666
673
679
668
675
679
668
675
682
666
672
678
684
672
669
674
689
670
672
686
669
680
669
675
673
679
675
673
686
675
672
679
684
668
672
677
687
679
669
670
673
683
687
684
680
674
667
669
672
675
687
674
666
672
684
675
666
668
673
681
682
673
666
668
673
684
679
666
670
679
678
663
667
673
684
674
663
666
668
673
684
677
663
669
683
666
672
674
670
674
670
677
682
668
679
670
669
680
678
666
667
668
674
681
684
680
672
666
666
667
668
670
674
685
674
667
670
684
677
666
669
673
686
675
666
669
674
683
668
669
684
669
668
674
683
669
667
670
674
686
679
673
669
667
666
666
667
669
673
685
673
667
673
683
667
668
669
670
670
669
669
668
669
669
670
674
682
681
668
667
670
677
683
672
667
670
678
682
673
668
666
667
667
668
670
674
679
685
680
673
666
666
667
667
668
669
669
669
668
668
668
668
669
670
674
682
682
675
666
657
668
670
677
682
675
665
667
670
680
677
663
668
674
683
672
666
669
677
680
667
667
669
674
683
682
677
672
666
668
669
672
674
680
684
680
670
667
669
673
679
683
684
675
666
668
671
677
686
681
672
667
669
673
682
679
667
674
687
670
674
689
675
673
680
677
668
669
672
673
678
686
677
667
669
674
686
677
666
669
674
682
679
666
668
673
685
675
666
669
674
685
673
666
669
675
682
670
667
670
677
682
670
665
668
672
682
680
668
667
670
674
685
675
666
669
679
677
667
672
686
668
669
680
675
667
673
681
667
675
674
670
683
668
682
666
674
675
668
680
667
670
679
679
667
672
685
666
672
686
668
672
686
666
672
685
666
673
683
667
672
684
674
668
673
686
669
670
686
667
672
683
668
680
668
672
682
668
673
684
669
669
675
686
674
668
672
686
667
673
685
668
674
678
671
682
669
684
668
686
667
677
675
670
685
671
670
680
679
668
672
686
675
669
677
680
668
678
674
670
685
668
674
675
672
680
673
678
673
675
674
675
672
682
670
686
667
674
681
668
680
672
672
682
670
687
669
686
670
680
672
680
670
686
668
677
677
669
680
675
669
685
666
674
674
672
682
669
685
668
673
682
669
679
673
672
685
668
677
677
669
686
674
669
674
685
667
672
687
668
672
686
667
673
686
669
670
679
680
667
672
686
670
670
686
667
675
674
672
678
672
677
672
678
670
682
668
683
667
673
680
669
686
667
680
667
673
683
668
675
677
669
680
674
669
679
674
669
680
679
667
668
669
673
677
684
684
677
667
669
674
685
672
668
670
675
686
666
669
675
681
667
672
685
668
669
682
672
669
685
667
670
685
666
669
679
679
666
669
679
675
667
674
677
668
683
666
673
675
669
685
670
683
666
672
682
666
673
678
668
681
670
669
686
669
668
675
681
666
670
682
673
669
684
667
673
675
671
679
669
683
668
682
667
672
683
666
670
686
668
670
686
667
672
669
684
667
675
673
672
682
671
687
668
679
671
674
678
672
682
671
684
669
684
668
683
668
682
668
680
673
667
673
683
666
669
675
685
679
672
667
667
671
681
666
679
666
680
669
674
669
680
667
683
663
672
678
666
670
683
669
667
672
684
668
668
677
673
667
679
669
668
684
665
669
684
667
668
684
663
672
674
667
681
666
669
680
663
669
677
679
668
666
670
682
663
670
677
667
683
666
680
668
675
668
669
668
680
662
667
670
679
680
671
662
666
669
681
663
674
663
673
662
675
663
682
663
682
662
672
668
668
675
666
680
666
666
674
674
662
662
665
668
674
675
662
662
667
679
667
662
672
668
662
669
672
660
666
679
666
662
671
674
660
666
674
675
661
666
672
679
663
670
684
668
675
687
675
689
684
687
694
701
705
687
703
722
727
721
722
729
732
735
738
735
735
741
739
730
717
720
722
727
735
725
717
725
733
716
726
726
719
737
715
738
716
728
722
717
725
737
729
721
717
715
714
715
716
719
721
726
734
734
725
716
720
725
733
734
720
719
723
740
723
719
726
738
720
722
732
731
719
726
734
717
726
735
719
730
731
722
734
726
722
734
731
722
733
732
722
731
733
721
731
735
721
731
733
722
735
726
725
740
730
720
725
729
733
741
742
741
741
735
728
719
722
726
731
742
726
722
732
733
723
740
721
727
735
722
743
721
739
720
731
729
723
741
725
722
733
729
720
729
735
717
722
729
741
734
729
725
719
717
722
732
733
718
727
729
720
740
717
732
719
725
731
719
731
727
720
728
734
716
720
727
738
720
719
726
734
716
726
728
720
734
718
740
717
732
716
729
717
725
722
722
731
719
739
716
726
729
720
735
719
722
735
717
730
721
721
735
716
728
721
721
729
719
735
717
737
717
739
716
727
730
717
725
741
726
720
725
741
727
717
722
734
727
722
740
721
741
721
737
721
731
720
730
719
727
719
731
716
729
725
717
726
734
716
721
730
734
720
719
727
729
719
733
718
725
727
726
720
734
721
742
726
731
731
721
734
726
728
744
726
722
727
735
738
721
725
735
733
723
735
730
726
745
722
735
723
733
723
735
722
740
723
739
722
738
723
741
722
735
729
729
745
722
731
746
725
728
746
721
731
733
726
741
725
739
728
722
745
727
720
742
727
729
731
722
731
731
725
740
727
725
730
742
739
728
720
723
729
741
721
723
739
727
722
734
730
721
727
732
744
737
722
723
733
732
726
740
726
731
732
721
745
723
744
721
732
738
722
730
744
726
721
726
733
739
720
725
740
726
725
741
721
743
721
743
721
743
721
735
721
729
732
725
742
726
725
735
735
721
726
731
742
739
722
726
734
740
725
735
728
733
726
742
727
741
732
727
738
723
737
727
731
735
728
746
725
740
722
737
723
735
728
730
745
722
729
746
731
727
741
731
729
744
726
734
734
730
742
728
742
728
741
728
742
726
745
721
730
734
725
743
721
738
720
735
720
735
719
732
720
730
722
728
722
728
721
729
719
733
717
729
720
727
725
732
721
741
719
721
734
729
716
720
726
739
731
716
720
732
720
721
737
720
717
725
738
730
716
719
722
735
728
716
720
726
739
731
721
716
719
722
739
720
720
740
717
731
716
729
716
731
716
730
715
726
720
722
731
719
739
715
721
738
719
717
723
733
729
716
722
733
716
726
721
721
726
725
723
725
720
727
720
726
721
725
728
725
727
725
731
721
739
719
728
729
721
732
731
719
726
740
717
725
740
717
725
735
718
729
726
722
741
718
730
726
721
738
720
722
739
716
726
727
721
734
720
734
720
733
720
734
720
734
720
734
720
740
716
726
734
717
725
741
726
719
722
730
741
734
726
717
721
731
730
719
730
726
720
741
716
727
726
721
735
717
729
727
720
735
717
726
733
719
726
735
717
721
730
739
727
718
722
730
731
720
728
734
721
730
729
722
741
720
725
732
721
731
733
720
725
730
740
740
730
720
721
726
733
738
719
725
737
731
721
731
735
721
728
744
728
721
726
735
738
723
722
726
735
735
720
725
733
735
720
726
734
735
721
722
726
730
738
741
732
720
722
727
738
732
719
726
740
717
725
740
717
725
741
719
722
741
725
723
733
733
719
721
726
738
731
720
727
738
717
725
742
721
721
731
737
720
721
730
735
719
727
735
721
733
726
725
742
720
726
735
738
727
720
721
722
722
726
730
741
722
725
744
720
730
731
725
741
721
734
721
728
733
722
735
727
722
739
722
725
740
727
722
734
727
722
738
725
725
742
722
722
733
733
720
725
737
733
719
722
729
742
730
720
726
742
719
727
740
720
731
730
722
742
719
726
742
721
721
728
741
733
719
721
729
735
720
730
729
723
740
721
740
719
732
721
725
738
719
726
739
731
717
720
726
733
738
725
720
722
730
734
720
730
729
725
732
726
727
729
719
732
719
733
720
727
738
720
727
741
720
723
735
725
726
732
727
723
735
723
727
735
721
740
723
738
722
740
722
740
722
739
723
742
721
731
734
721
729
742
721
726
739
729
725
742
720
731
729
729
726
734
722
742
727
730
731
726
731
732
727
744
721
730
744
723
727
735
738
722
727
739
733
726
734
732
728
745
725
735
727
730
741
725
740
722
738
722
734
732
730
741
726
734
735
726
735
740
722
731
741
726
735
730
731
735
728
746
725
735
733
727
740
739
722
729
738
740
725
731
745
725
734
731
731
735
731
738
731
740
733
735
731
740
731
734
732
733
733
731
734
726
747
727
750
727
746
725
732
746
726
729
733
749
731
728
740
732
731
740
731
740
732
730
743
729
745
731
731
737
725
745
727
749
729
749
727
749
729
742
731
735
732
733
732
735
731
742
729
749
726
738
733
730
747
729
731
747
727
745
726
746
727
746
730
735
733
730
735
725
740
725
740
726
734
732
731
737
731
742
727
734
742
725
729
734
749
737
726
730
735
749
740
726
727
731
740
742
727
733
744
727
744
725
733
741
727
735
741
726
733
745
726
731
749
729
730
749
725
733
740
730
749
727
743
725
739
728
734
733
732
740
734
730
734
726
735
728
734
729
733
732
732
737
731
742
731
734
735
726
747
731
731
740
726
749
730
740
732
732
735
726
745
728
745
731
735
734
727
741
727
746
733
728
745
730
734
746
731
726
741
740
729
739
737
727
746
732
726
729
746
730
742
731
742
729
749
725
732
747
726
731
749
727
741
729
731
750
726
731
749
725
732
744
726
731
735
742
750
746
742
733
726
729
731
735
749
733
726
731
749
731
729
734
749
734
726
730
734
749
739
725
730
739
741
726
732
743
727
740
732
730
747
731
728
735
744
726
729
734
749
734
726
729
733
745
740
725
729
739
735
729
749
726
726
742
726
747
727
747
729
746
729
745
729
743
730
740
731
734
733
731
733
733
732
735
730
741
727
744
731
729
741
735
727
735
740
726
730
738
749
738
726
727
732
749
730
729
744
731
729
738
741
725
729
733
742
745
734
725
727
730
734
744
742
729
727
731
738
747
732
727
733
747
726
729
735
747
733
726
730
737
745
727
729
740
735
727
732
749
732
727
733
747
729
730
741
738
726
733
742
726
732
746
725
730
747
729
729
749
734
726
731
746
735
726
731
741
740
725
731
744
733
727
737
738
727
734
746
729
727
732
746
730
727
731
735
749
740
726
728
732
749
734
727
741
742
726
732
749
733
729
735
742
726
730
737
746
731
727
732
744
740
726
731
744
735
729
739
739
729
745
727
733
741
728
735
744
726
733
747
726
733
750
729
731
746
732
731
749
727
740
726
741
726
740
731
731
747
733
729
733
741
751
746
740
734
729
727
730
733
741
744
726
731
747
733
730
744
735
729
733
749
747
741
733
726
729
731
738
747
727
731
751
727
741
726
741
726
742
726
740
731
751
728
732
744
746
734
727
731
738
747
729
731
749
731
733
746
729
741
734
732
751
728
732
742
745
729
730
732
735
741
751
744
730
729
733
749
740
727
731
734
744
746
733
729
730
732
733
733
733
733
735
742
747
727
733
752
730
733
750
727
734
749
728
734
749
730
731
740
746
727
732
746
740
730
739
747
728
732
746
740
729
733
744
746
731
730
734
750
740
730
739
741
732
752
730
742
733
732
751
733
731
743
740
731
745
734
733
753
730
751
728
734
749
729
735
745
731
751
730
746
728
738
741
731
743
740
730
740
741
730
738
749
732
731
734
751
738
729
733
742
745
728
733
742
746
728
732
741
747
729
733
747
739
730
737
750
730
732
739
752
741
728
733
749
732
734
746
732
747
732
747
732
747
730
745
732
732
751
730
733
752
729
732
746
739
730
734
747
729
738
741
731
751
727
738
740
738
746
727
733
752
729
733
747
729
739
740
730
740
739
730
740
741
729
734
751
735
729
732
740
744
727
734
743
730
751
729
751
730
741
737
729
747
734
726
751
730
747
730
749
729
749
726
735
742
729
738
746
729
730
740
749
733
730
735
747
729
731
744
733
731
750
727
732
749
726
733
747
726
733
746
726
732
747
733
730
740
740
729
738
739
729
746
726
735
740
731
747
728
747
727
750
727
749
727
746
726
741
728
733
741
729
740
737
729
735
747
734
727
731
738
747
730
730
742
726
738
729
735
728
738
726
741
727
750
729
750
728
743
730
733
746
726
733
747
726
731
750
727
733
744
728
740
731
733
741
730
750
727
738
735
731
750
727
743
727
751
730
900
735
726
744
727
744
726
738
732
734
738
733
735
737
727
751
731
740
734
730
740
726
744
727
746
729
750
731
734
742
731
734
745
730
742
734
733
735
730
739
730
735
731
738
727
744
729
750
730
749
730
749
730
746
732
742
732
741
739
733
740
732
741
732
742
732
742
731
751
728
740
731
733
744
729
738
745
727
733
747
729
735
746
728
735
742
730
747
728
735
740
732
747
730
746
728
735
742
731
751
729
739
740
730
739
745
728
734
751
731
733
742
732
743
732
747
730
749
727
737
741
731
750
729
735
743
731
752
730
752
731
747
733
740
738
730
742
730
751
733
740
740
730
747
737
731
744
741
731
746
735
731
743
729
749
730
752
732
749
734
733
744
730
752
733
741
740
732
740
746
733
741
742
731
754
734
741
744
732
747
741
733
739
751
734
744
740
734
750
732
755
733
752
744
746
750
738
753
750
742
752
746
735
762
740
753
744
745
747
737
754
738
755
744
734
759
742
733
755
744
733
755
744
742
755
734
750
743
734
759
740
739
758
740
746
757
743
762
746
