681
679
677
676
675
674
673
672
672
671
671
671
671
671
672
673
675
676
678
679
680
680
679
679
679
679
680
681
681
682
683
682
682
682
682
682
682
682
683
683
683
683
683
683
683
683
682
682
681
681
682
681
681
680
681
681
680
680
679
679
679
679
679
679
679
679
679
680
680
680
680
680
679
679
679
679
679
679
679
679
679
678
678
679
679
679
679
679
679
679
679
679
679
679
679
679
678
678
678
678
678
678
678
678
678
678
678
678
678
678
678
678
678
678
678
678
678
678
678
678
678
678
677
677
677
677
677
677
677
677
677
677
677
677
677
677
677
677
677
677
677
676
676
676
676
676
676
677
677
677
676
676
676
676
676
676
676
676
676
676
676
676
676
676
676
676
676
676
676
676
676
676
676
676
675
675
675
675
675
675
675
675
675
675
675
675
675
675
675
675
675
675
675
676
676
676
676
676
676
676
676
676
676
676
676
676
676
676
676
676
676
676
676
676
676
676
676
676
676
676
676
676
676
676
676
676
676
676
676
676
676
676
676
676
676
676
676
676
676
676
676
676
676
676
676
676
676
676
676
676
676
676
676
676
677
677
677
676
676
676
677
677
677
677
677
677
677
677
677
677
677
677
677
677
677
677
677
677
677
677
677
677
677
677
677
677
677
677
677
677
677
678
678
677
677
677
677
677
677
677
677
677
677
678
678
678
678
678
678
678
678
678
678
678
678
678
678
678
678
678
678
678
678
678
678
679
679
678
678
678
679
679
679
679
679
678
678
678
678
679
679
679
679
679
678
678
678
678
678
678
678
678
679
679
679
678
678
678
678
678
678
678
679
679
679
679
679
679
679
679
679
679
679
679
679
679
679
679
679
679
679
679
679
679
679
678
678
678
678
678
678
679
679
679
679
679
679
679
679
679
679
679
679
679
679
679
679
679
679
679
679
679
679
679
679
679
679
679
679
679
679
679
679
679
679
679
679
679
679
679
679
679
679
679
679
679
679
679
679
679
679
679
679
679
679
679
679
679
679
679
679
679
679
679
679
679
679
679
679
679
679
679
679
679
679
679
679
679
679
679
679
679
679
679
679
679
679
679
679
679
679
679
679
679
679
679
679
679
679
679
679
679
679
679
679
679
679
679
679
679
679
679
679
679
679
679
679
679
679
679
679
679
679
679
679
679
679
679
679
679
679
679
679
679
679
679
679
679
679
679
679
679
679
679
679
679
679
679
679
679
679
679
679
679
679
679
679
679
679
679
679
679
679
679
679
679
679
679
679
679
679
679
678
678
678
678
678
678
678
678
678
678
678
678
678
678
678
679
679
679
679
679
679
679
679
679
679
679
679
679
679
679
679
