68.4
68.45
68.53
68.55
68.55
68.58
68.58
68.58
68.58
68.58
68.58
68.58
68.58
68.58
68.57
68.57
68.57
68.58
68.58
68.59
68.6
68.61
68.62
68.64
68.65
68.66
68.67
68.69
68.7
68.73
68.75
68.78
68.79
68.81
68.83
68.84
68.85
68.87
68.89
68.91
68.92
68.93
68.94
68.95
68.97
68.98
68.99
68.99
69.0
69.02
69.03
69.04
69.05
69.06
69.07
69.08
69.08
69.09
69.09
69.1
69.12
69.47
69.89
70.22
70.43
70.63
70.77
70.88
70.97
71.03
71.09
71.13
71.15
71.17
71.18
71.19
71.19
71.18
71.19
71.21
71.22
71.23
71.24
71.24
71.25
71.24
71.23
71.21
71.19
71.17
71.16
71.15
71.13
71.11
71.09
71.07
71.05
71.02
70.99
70.96
70.94
70.92
70.91
70.92
70.94
70.95
70.96
70.97
70.96
70.96
70.96
70.96
70.96
70.98
71.0
71.01
71.02
71.02
71.03
71.03
71.04
71.04
71.04
71.04
71.03
71.03
71.02
