68.4
68.5
68.69
68.59
68.59
68.69
68.59
68.59
68.59
68.59
68.59
68.5
68.59
68.59
68.5
68.5
68.59
68.69
68.69
68.69
68.8
68.9
68.9
68.9
68.9
69.0
69.0
69.09
69.19
69.4
69.5
69.5
69.4
69.4
69.3
69.3
69.4
69.59
69.5
69.5
69.5
69.5
69.4
69.3
69.59
69.4
69.4
69.4
69.5
69.59
69.59
69.59
69.59
69.59
69.59
69.5
69.5
69.4
69.4
69.5
70.19
91.19
95.69
90.9
83.9
83.8
79.9
78.19
76.8
75.69
74.9
74.0
73.0
72.5
72.09
71.5
71.0
70.9
72.09
72.69
72.09
72.09
71.69
71.69
71.4
70.3
70.4
69.9
69.5
69.59
70.0
69.9
69.59
69.4
69.19
69.5
68.5
68.4
67.9
68.4
68.8
69.0
69.59
72.0
72.59
72.69
71.9
71.5
70.69
70.3
70.8
70.9
71.59
72.9
73.0
72.69
71.9
71.69
71.19
72.0
71.59
71.0
71.0
70.9
70.59
70.4
70.3
70.3
70.19
69.9
70.09
69.8
69.8
69.59
69.59
69.5
69.5
69.5
70.9
70.19
70.19
69.8
69.69
69.5
69.59
69.4
69.4
69.4
69.19
69.19
69.19
69.0
68.9
69.0
69.09
69.09
69.09
69.19
69.19
69.19
69.09
69.0
69.0
69.0
68.9
69.09
69.0
69.0
69.0
69.09
69.0
68.9
68.69
68.69
69.0
69.09
69.3
69.19
69.3
69.3
69.4
69.4
69.19
69.09
68.9
68.9
68.9
68.8
68.8
68.8
68.9
68.9
69.0
68.8
69.19
69.19
69.4
69.5
69.69
69.69
69.59
69.59
69.8
69.59
69.4
69.5
69.5
69.59
69.9
70.0
70.09
70.3
70.5
70.5
70.5
70.4
70.4
70.4
70.4
70.4
70.59
70.59
70.59
70.5
70.4
70.09
70.09
70.19
70.4
70.5
70.4
70.4
70.3
70.4
70.19
70.19
70.09
70.09
70.3
70.19
70.19
70.4
70.4
70.3
70.19
70.09
69.9
69.8
69.8
69.8
70.0
70.0
70.09
70.09
70.19
70.19
70.09
69.9
69.8
69.9
70.0
70.3
70.19
70.4
70.3
70.4
70.4
70.4
70.4
70.4
70.4
70.5
70.4
70.4
70.59
70.59
70.59
70.59
70.3
70.3
70.19
70.19
70.3
70.4
70.59
70.69
70.69
70.5
70.3
70.3
70.4
70.5
70.69
70.69
70.9
70.9
71.0
70.8
70.9
70.8
70.59
70.59
70.59
70.4
70.5
70.59
70.4
70.19
70.0
69.8
69.8
69.8
69.9
70.0
70.19
70.3
70.4
70.59
70.5
70.4
70.3
70.4
70.3
70.4
70.5
70.59
70.59
70.69
70.8
70.8
70.8
70.69
70.59
70.59
70.69
70.69
70.8
70.9
70.9
71.0
71.0
71.0
70.8
70.9
71.0
71.09
71.19
71.19
71.19
71.19
71.09
71.0
70.9
70.8
70.9
71.09
71.19
71.3
71.3
71.5
71.5
71.4
71.3
71.09
71.0
71.0
71.0
71.0
71.19
71.09
71.3
71.19
71.3
71.09
71.19
71.09
71.0
71.09
71.19
71.3
71.5
71.59
71.69
71.8
71.19
71.0
71.0
71.09
71.4
71.59
71.69
71.8
71.8
72.0
72.0
71.9
71.8
71.69
71.59
71.59
71.69
71.69
71.69
71.8
206.8
71.9
71.4
71.3
71.09
71.3
71.5
71.59
71.59
71.59
71.69
71.8
71.19
71.09
71.0
70.8
70.9
70.9
71.09
71.19
71.3
71.5
71.5
71.19
70.9
70.9
70.9
70.8
70.9
71.0
71.09
71.19
71.3
71.09
70.69
70.59
70.59
70.69
70.9
71.0
71.09
71.09
71.19
71.19
71.0
70.59
70.5
70.5
70.59
70.69
70.69
70.8
71.0
71.0
70.9
70.9
70.8
70.69
70.9
71.09
71.09
71.19
71.19
71.19
71.19
71.09
71.09
70.9
70.9
70.9
70.9
70.9
71.0
71.09
71.19
71.19
71.3
71.19
71.0
70.69
70.8
70.8
70.8
70.9
71.0
71.0
71.09
71.0
70.9
70.8
71.0
71.09
71.0
71.09
71.19
71.3
71.19
71.19
71.19
70.9
70.69
70.4
70.4
70.69
70.59
70.69
70.69
70.8
70.69
70.59
70.3
70.0
70.0
70.09
70.3
70.4
70.59
70.69
70.8
70.9
70.59
70.4
70.3
70.4
70.3
70.5
70.5
70.59
70.69
70.69
70.9
70.8
70.59
70.69
70.69
70.59
70.69
70.69
70.69
70.69
70.8
70.8
70.69
70.69
70.59
70.4
70.4
70.4
70.59
70.69
70.8
70.69
70.9
70.69
70.5
70.3
70.4
70.5
70.5
70.59
70.59
70.59
70.69
70.5
70.3
70.4
70.09
70.19
70.09
70.19
70.3
70.19
70.19
70.19
70.09
69.9
70.0
69.8
69.8
69.9
70.0
70.09
70.09
70.09
70.09
70.19
70.09
70.0
69.8
70.0
70.0
70.19
70.3
70.4
70.4
70.4
70.09
70.0
70.0
70.09
70.19
70.19
70.19
70.4
70.5
70.4
70.4
70.0
69.8
69.8
70.09
69.9
70.0
70.09
70.19
70.4
70.4
70.4
70.3
70.3
70.3
70.59
70.5
70.59
70.69
70.8
70.8
70.8
70.69
70.3
70.09
70.09
70.09
70.19
70.3
70.3
70.4
70.69
70.59
70.59
70.5
70.5
70.59
70.69
70.8
71.0
71.0
71.19
71.19
71.3
71.3
71.3
71.4
71.59
71.59
71.69
71.69
72.09
72.4
72.5
72.5
72.5
72.5
72.5
72.5
72.5
72.59
72.59
72.59
72.4
72.4
72.3
72.3
72.5
72.59
72.59
72.59
72.5
72.4
72.3
72.3
72.3
72.19
72.09
72.0
72.0
72.0
72.0
72.09
72.0
72.0
72.09
72.09
72.19
72.0
71.9
71.9
71.9
72.0
71.9
72.09
72.09
72.09
72.0
72.0
72.0
71.9
71.9
71.8
71.8
71.69
71.9
71.8
71.59
71.59
71.19
71.19
71.09
71.19
71.3
71.3
71.4
71.59
71.59
71.59
71.5
71.5
71.19
71.19
71.19
71.19
71.09
71.19
71.3
71.4
71.5
71.5
71.4
71.4
71.3
71.3
71.4
71.5
71.59
71.59
71.69
71.69
71.59
71.5
71.3
71.4
71.3
71.4
71.59
71.8
71.9
71.8
71.8
71.8
71.69
71.19
71.19
71.19
71.3
71.3
71.4
71.4
71.5
71.5
71.5
71.19
71.0
70.9
71.0
71.09
71.0
71.09
71.19
71.3
71.5
71.4
71.19
71.09
71.0
71.19
71.19
71.3
71.3
71.4
71.4
71.4
71.0
70.9
70.69
70.8
70.9
71.0
71.0
71.0
70.9
70.9
70.8
70.69
70.59
70.59
70.5
70.5
70.5
70.5
70.5
70.5
70.5
70.4
70.09
70.09
70.09
70.5
70.59
70.59
70.69
70.9
70.9
71.0
71.0
70.69
70.69
70.69
70.69
70.9
71.0
71.0
71.0
71.0
71.0
70.59
70.69
70.59
70.59
70.69
70.8
70.9
71.0
71.09
71.0
71.0
70.69
70.69
70.9
70.9
71.09
71.09
71.09
71.19
71.19
70.69
70.59
70.69
70.9
70.9
71.09
71.0
71.09
71.09
70.9
70.9
70.69
70.59
70.5
70.59
70.59
70.59
70.69
70.8
70.9
71.09
70.8
70.59
70.3
70.3
70.3
70.4
70.5
70.5
70.59
70.8
70.8
70.9
70.9
70.8
70.8
70.9
71.0
71.09
71.3
71.4
71.5
71.5
71.5
71.3
71.3
71.3
71.19
71.3
71.3
71.3
71.3
71.3
71.3
71.09
71.0
71.0
71.09
71.09
71.19
71.19
71.19
71.09
71.0
71.09
71.0
70.9
70.8
70.8
70.69
70.9
70.8
70.8
70.8
70.9
71.0
70.9
70.69
70.69
70.69
70.9
70.9
71.0
71.19
71.4
71.4
71.5
71.4
71.4
71.5
71.4
71.5
71.5
71.59
71.59
71.69
71.69
71.69
71.59
71.19
71.19
71.19
71.3
71.4
71.5
71.59
71.5
71.59
71.59
71.5
71.5
71.69
71.8
72.0
72.19
72.3
72.69
72.8
72.59
72.4
72.4
72.3
72.19
72.3
72.3
72.4
72.3
72.4
72.19
72.3
72.19
72.19
72.09
72.09
72.09
72.09
72.19
72.4
72.3
72.3
72.3
72.09
71.9
71.8
72.09
72.0
72.09
72.19
72.19
72.3
72.3
72.4
72.19
72.0
71.9
71.8
72.0
72.0
72.0
71.9
71.9
71.9
71.9
71.9
71.9
72.19
72.19
72.19
72.19
72.3
72.19
72.19
72.3
71.8
71.4
71.19
71.09
71.19
71.4
71.59
71.59
71.69
71.59
71.8
71.19
71.09
70.69
70.59
70.69
70.8
70.9
71.0
71.19
71.3
71.3
70.9
70.5
70.59
70.5
70.59
70.8
71.0
71.0
71.19
71.4
71.5
71.0
70.8
70.59
70.8
71.0
71.19
71.19
71.3
71.4
71.4
71.3
70.9
70.59
70.3
70.3
70.5
70.69
70.8
71.0
71.0
71.0
71.0
70.4
70.09
70.0
70.19
70.19
70.3
70.4
70.59
70.69
70.69
70.3
70.09
70.09
70.19
70.3
70.3
70.4
70.69
70.59
70.59
70.59
70.09
69.8
69.8
69.8
70.0
70.09
70.19
70.3
70.4
70.5
70.3
70.0
69.8
69.9
70.0
70.19
70.3
70.3
70.4
70.4
70.5
70.59
70.09
69.9
69.69
69.8
69.8
70.0
70.09
70.0
70.09
70.3
70.3
69.9
69.59
69.5
69.59
69.69
69.9
69.9
70.3
70.4
70.59
70.5
70.19
69.9
69.8
69.8
69.8
70.0
70.19
70.4
70.5
70.8
70.9
70.59
70.3
70.19
70.19
70.3
70.59
70.59
70.69
70.8
70.4
70.3
70.19
70.19
70.19
70.5
70.59
70.8
70.9
71.0
71.19
71.0
70.69
70.8
70.69
70.69
70.8
70.8
70.9
71.0
71.09
71.0
70.69
70.3
70.19
70.3
70.4
70.5
70.59
70.69
70.69
70.8
70.59
70.3
70.0
70.0
70.0
70.09
70.19
70.4
70.4
70.8
70.9
70.69
70.3
70.0
69.9
69.9
70.0
70.09
70.19
70.3
70.3
70.4
70.5
70.0
69.59
69.59
69.8
69.69
69.8
70.0
70.09
70.19
70.19
69.69
69.4
69.3
69.4
69.5
69.59
69.69
69.9
70.0
70.09
70.0
69.69
69.3
69.19
69.19
69.3
69.4
69.5
69.5
69.8
69.8
69.8
69.5
69.09
69.19
69.19
69.3
69.3
69.5
69.5
69.5
69.59
69.59
69.09
68.69
68.69
68.9
69.09
69.09
69.19
69.3
69.3
69.5
69.19
69.0
68.9
68.9
69.0
69.19
69.4
69.5
69.59
69.69
69.8
69.59
69.09
68.9
68.9
68.9
69.09
69.09
69.19
69.3
69.4
69.5
69.09
68.69
68.59
68.5
68.59
68.8
68.9
69.0
69.09
69.19
69.3
68.9
68.5
68.5
68.5
68.59
68.69
68.8
68.9
69.0
69.0
69.0
68.4
68.4
68.5
68.5
68.69
68.8
68.9
68.9
69.0
69.19
69.09
68.69
68.59
68.5
68.5
68.59
68.69
68.9
69.0
69.19
69.3
69.3
68.9
68.59
68.59
68.5
68.59
68.59
68.8
69.0
69.19
69.3
69.0
68.69
68.59
68.59
68.69
68.9
68.9
69.0
69.19
69.3
69.4
68.9
69.0
69.0
68.8
68.9
68.9
69.0
69.09
69.3
69.4
69.3
68.9
68.8
68.8
68.8
68.8
68.8
68.9
69.0
69.19
69.3
69.4
69.3
69.0
68.9
68.8
68.8
68.9
69.09
69.3
69.4
69.5
69.4
69.19
69.0
68.9
68.9
68.9
69.0
69.09
69.09
69.19
69.3
69.09
69.0
68.8
68.8
68.9
69.0
69.0
69.19
69.3
69.4
69.5
69.4
68.9
68.69
68.59
68.69
68.8
68.9
69.0
69.0
69.19
69.19
69.0
68.8
68.59
68.59
68.59
68.59
68.59
68.8
68.8
69.0
69.0
68.69
68.4
68.4
68.19
68.4
68.5
68.69
68.69
68.8
68.8
68.69
68.4
68.19
68.09
68.09
68.09
68.3
68.4
68.4
68.69
68.69
68.8
68.4
68.19
68.09
68.09
68.19
68.3
68.4
68.59
68.59
68.69
68.59
68.19
67.9
67.9
68.0
68.09
68.19
68.3
68.4
68.59
68.69
68.59
68.19
67.9
67.8
68.0
68.09
68.09
68.09
68.19
68.3
68.3
67.9
67.59
67.59
67.69
67.8
67.9
68.09
68.19
68.4
68.69
68.8
68.3
68.09
67.8
67.69
67.69
68.09
68.09
68.3
68.4
68.5
68.4
68.09
68.0
67.9
68.0
68.09
68.3
68.4
68.5
68.5
68.5
68.3
68.09
68.0
68.0
68.19
68.19
68.3
68.3
68.3
68.4
68.5
68.09
68.0
68.0
68.0
68.0
68.09
68.3
68.4
68.5
68.5
68.19
68.0
67.9
67.9
67.9
68.0
68.09
68.19
68.3
68.4
68.5
68.4
68.3
68.0
68.09
68.09
68.19
68.3
68.3
68.4
68.59
68.59
68.59
68.5
68.5
68.5
68.59
68.59
68.8
68.9
69.0
69.09
69.09
69.0
68.59
68.5
68.5
68.59
68.8
69.09
69.09
69.19
69.19
69.19
68.8
68.59
68.59
68.59
68.69
68.8
68.9
68.9
68.9
69.0
68.9
68.59
68.4
68.4
68.4
68.5
68.59
68.69
68.69
68.9
68.9
69.0
68.5
68.3
68.3
68.3
68.3
68.4
68.5
68.59
68.69
68.8
68.9
68.59
68.5
68.4
68.5
68.5
68.69
68.69
68.8
68.9
68.9
68.69
68.69
68.4
68.5
68.5
68.5
68.59
68.69
68.8
68.69
68.9
68.19
68.09
68.09
68.19
68.3
68.4
68.59
68.5
68.59
68.69
68.69
68.3
68.09
68.0
68.0
68.09
68.09
68.3
68.3
68.5
68.5
68.59
68.3
68.0
67.9
68.0
68.0
68.09
68.19
68.3
68.4
68.5
68.4
68.09
67.8
67.69
67.69
67.69
67.8
68.09
68.09
68.19
68.4
68.59
68.3
68.09
68.0
68.09
68.19
68.3
68.4
68.59
68.69
68.8
68.8
68.4
68.09
68.09
68.0
68.09
68.19
68.3
68.4
68.5
68.59
68.09
68.0
67.69
67.8
67.8
67.9
68.0
68.09
68.09
68.19
68.4
68.0
67.69
67.8
67.8
68.0
68.09
68.09
68.09
68.09
68.19
67.9
67.69
67.59
67.59
67.69
67.69
68.0
68.09
68.19
68.4
68.4
68.4
68.19
67.8
67.5
67.5
67.59
67.69
67.8
67.9
68.0
68.09
67.69
67.4
67.4
67.4
67.5
67.59
67.69
67.69
67.9
67.9
67.9
67.59
67.4
67.3
67.3
67.4
67.59
67.59
67.69
67.8
67.8
67.9
67.59
67.3
67.19
67.19
67.3
67.3
67.5
67.5
67.59
67.69
67.59
67.4
67.3
67.19
67.3
67.5
67.5
67.59
67.69
67.8
67.8
67.8
67.5
67.4
67.3
67.3
67.5
67.4
67.59
67.69
67.69
67.8
67.5
67.19
67.09
66.9
67.0
67.0
67.19
67.3
67.4
67.4
67.4
67.19
66.9
66.8
66.9
66.9
67.0
67.09
67.19
67.3
67.4
67.5
67.09
66.9
66.8
66.8
66.8
66.9
66.9
67.0
67.19
67.19
67.3
67.09
66.8
66.69
66.69
66.8
66.9
67.0
67.0
67.19
67.4
67.3
67.0
66.8
66.8
66.69
66.8
66.9
67.0
67.19
67.3
67.5
67.4
67.4
67.19
67.19
67.3
67.3
67.4
67.5
67.59
67.59
67.8
67.59
67.5
67.4
67.3
67.3
67.4
67.5
67.5
67.5
67.59
67.69
67.59
67.4
67.19
67.09
67.19
67.19
67.4
67.5
67.59
67.59
67.69
67.8
67.59
67.59
67.59
67.59
67.69
67.69
67.8
68.0
68.0
68.0
67.69
67.5
67.3
67.3
67.3
67.4
67.5
67.5
67.59
67.69
67.8
67.5
67.5
67.3
67.4
67.5
67.5
67.69
67.69
67.8
67.8
67.69
67.69
67.5
67.4
67.3
67.4
67.4
67.59
67.69
67.69
67.8
67.69
67.5
67.3
67.19
67.3
67.4
67.5
67.69
67.69
67.8
67.8
67.59
67.3
67.3
67.3
67.3
67.3
67.4
67.5
67.59
67.69
67.69
67.59
67.3
67.19
67.19
67.3
67.5
67.5
67.59
67.69
67.69
67.69
67.59
67.5
67.3
67.4
67.5
67.69
67.69
67.8
67.8
67.9
67.69
67.4
67.19
67.19
67.19
67.3
67.4
67.5
67.5
67.59
67.5
67.3
67.0
66.9
66.9
67.0
67.0
67.09
67.19
67.19
67.3
67.3
67.0
66.8
66.9
66.8
67.0
67.09
67.19
67.19
67.3
67.4
67.4
67.19
66.8
66.69
66.69
66.69
66.69
66.8
66.9
66.9
67.0
67.0
66.69
66.5
66.5
66.59
66.69
66.69
66.8
66.9
66.9
67.0
67.0
66.59
66.4
66.19
66.09
66.3
66.3
66.4
66.4
66.5
66.5
66.4
66.09
66.0
66.0
66.09
66.09
66.3
66.4
66.5
66.59
66.59
66.4
66.3
66.19
66.19
66.3
66.3
66.5
66.5
66.59
66.59
66.69
66.59
66.3
66.3
66.19
66.5
66.4
66.59
66.69
66.8
66.9
66.9
66.69
66.4
66.4
66.4
66.5
66.59
66.69
66.8
66.9
66.9
67.0
66.8
66.69
66.59
66.59
66.69
66.8
66.9
66.9
67.0
67.19
67.3
67.0
66.8
66.8
66.9
67.0
67.0
67.19
67.19
67.3
67.3
67.3
67.19
67.0
67.0
67.0
67.09
67.19
67.3
67.3
67.4
67.4
67.3
67.09
66.9
66.9
66.9
66.9
67.09
67.19
67.3
67.3
67.4
67.4
67.09
67.0
67.0
67.0
67.19
67.19
67.19
67.3
67.4
67.4
67.3
66.9
66.69
66.69
66.69
66.8
66.9
67.0
67.19
67.3
67.3
67.3
66.9
66.8
66.8
66.9
66.9
67.0
67.0
67.19
67.3
67.09
66.69
66.59
66.4
66.3
66.59
66.69
66.8
66.8
66.9
67.0
67.0
66.9
66.69
66.59
66.59
66.59
66.8
66.8
66.8
66.9
67.0
67.09
67.0
66.8
66.69
66.8
66.9
66.9
66.9
67.0
67.0
67.09
67.0
66.9
66.69
66.69
66.69
66.9
67.0
67.09
67.19
67.19
67.19
67.0
66.8
66.59
66.5
66.59
66.8
66.9
66.9
67.0
67.09
67.0
66.8
66.69
66.59
66.4
66.5
66.59
66.69
66.69
66.8
66.8
66.9
66.69
66.4
66.3
66.4
66.59
66.59
66.69
66.8
66.8
66.9
66.4
66.3
66.19
66.19
66.3
66.3
66.59
66.59
66.69
66.69
66.5
66.19
66.0
66.0
66.0
66.09
66.09
66.19
66.3
66.4
66.59
66.4
66.09
66.0
66.19
66.09
66.19
66.3
66.5
66.69
66.8
66.8
66.59
66.3
66.19
66.09
66.19
66.3
66.4
66.59
66.59
66.59
66.59
66.3
66.19
66.09
66.09
66.19
66.3
66.3
66.4
66.59
66.69
66.69
66.59
66.3
66.09
66.09
66.19
66.3
66.4
66.5
66.59
66.69
66.69
66.4
66.19
66.19
66.19
66.3
66.4
66.4
66.4
66.5
66.59
66.59
66.3
66.19
66.19
66.19
66.19
66.3
66.4
66.59
66.69
66.4
66.19
66.19
66.09
66.19
66.3
66.3
66.4
66.5
66.59
66.59
66.59
66.19
66.09
66.0
66.09
66.19
66.3
66.4
66.59
66.69
66.69
66.69
66.4
66.3
66.19
66.19
66.3
66.19
66.4
66.4
66.69
66.5
66.4
66.19
66.09
66.19
66.3
66.4
66.5
66.59
66.59
66.69
66.59
66.3
66.09
66.0
66.09
66.3
66.3
66.59
66.59
66.69
66.69
66.4
66.4
66.19
66.09
66.19
66.4
66.59
66.59
66.69
66.8
66.8
66.69
66.4
66.4
66.4
66.4
66.5
66.59
66.59
66.59
66.69
66.69
66.69
66.3
66.19
66.09
66.09
66.19
66.3
66.4
66.5
66.59
66.4
66.19
66.09
66.09
66.0
66.19
66.3
66.4
66.5
66.59
66.69
66.8
66.59
66.3
66.09
66.09
66.09
66.19
66.4
66.5
66.4
66.19
66.09
66.0
66.0
66.19
66.3
66.3
66.5
66.5
66.5
66.69
66.3
66.19
66.0
66.0
66.09
66.09
66.19
66.4
66.5
66.59
66.69
66.59
66.4
66.3
66.09
66.19
66.3
66.4
66.4
66.5
66.59
66.69
66.8
66.59
66.4
66.3
66.3
66.4
66.5
66.5
66.59
66.69
66.69
66.5
66.19
66.19
66.09
66.19
66.4
66.5
66.5
66.59
66.59
66.59
66.4
66.19
66.0
66.09
66.3
66.4
66.4
66.4
66.4
66.5
66.4
66.09
65.8
65.8
65.8
65.9
66.0
66.09
66.19
66.3
66.4
66.19
66.0
65.9
65.8
65.9
66.09
66.3
66.4
66.5
66.59
66.59
66.4
66.19
66.0
65.9
65.9
66.0
66.09
66.3
66.3
66.4
66.4
66.3
66.0
65.9
65.8
65.9
65.9
66.0
66.09
66.3
66.4
66.5
66.4
66.0
66.0
66.0
66.09
66.3
66.3
66.4
66.4
66.59
66.4
66.19
66.09
65.9
65.8
65.8
65.9
66.0
66.09
66.09
66.3
66.09
66.09
66.09
66.0
66.09
66.3
66.4
66.5
66.69
66.69
66.59
66.5
66.3
66.3
66.4
66.4
66.4
66.5
66.5
66.59
66.5
66.5
66.4
66.5
66.59
66.59
66.69
66.59
66.69
66.69
66.69
66.9
66.8
66.69
66.5
66.5
66.59
66.59
66.69
66.69
66.9
67.0
67.09
67.0
66.69
66.59
66.69
66.8
66.9
67.0
67.09
67.19
67.19
67.19
67.0
66.9
66.69
66.69
66.69
66.8
66.9
66.9
67.09
67.09
67.19
66.9
66.69
66.69
66.69
66.69
66.8
66.8
66.9
67.0
67.09
66.9
66.9
66.69
66.59
66.59
66.69
66.9
67.0
67.0
67.09
67.09
67.09
67.0
66.9
66.9
67.0
67.0
67.0
67.09
67.19
67.19
67.3
67.09
67.0
66.9
66.9
66.9
66.9
67.0
67.09
67.09
67.19
67.09
66.9
66.69
66.5
66.69
66.69
66.8
66.9
66.9
67.0
67.0
66.69
66.59
66.4
66.4
66.5
66.59
66.69
66.8
66.9
67.0
67.19
66.69
66.5
66.4
66.3
66.4
66.4
66.5
66.59
66.69
66.69
66.59
66.4
66.3
66.4
66.5
66.5
66.69
66.69
66.8
66.9
67.09
67.0
66.59
66.5
66.4
66.4
66.5
66.59
66.59
66.8
66.9
66.9
66.8
66.4
66.4
66.19
66.4
66.5
66.5
66.59
66.69
66.9
67.0
67.0
66.69
66.5
66.59
66.59
66.8
67.0
67.09
67.19
67.4
67.3
67.09
66.9
66.9
66.9
67.0
67.09
67.19
67.3
67.4
67.5
67.19
67.0
67.0
66.9
67.0
67.0
67.09
67.19
67.19
67.19
67.09
66.9
66.69
66.59
66.69
66.69
66.8
66.9
67.0
67.0
67.09
67.0
66.69
66.69
66.69
66.69
66.9
67.0
67.09
67.19
67.3
67.3
67.09
66.8
66.8
66.69
66.69
67.0
67.0
67.0
67.09
67.09
67.0
66.9
66.59
66.69
66.9
66.9
67.0
67.0
67.09
67.09
67.19
67.09
66.8
66.69
66.59
66.69
66.8
66.9
67.0
67.0
67.0
67.09
67.09
66.8
66.59
66.4
66.5
66.5
66.5
66.59
66.69
66.8
66.9
66.9
66.69
66.5
66.3
66.3
66.4
66.4
66.59
66.69
66.9
66.9
66.59
66.3
66.3
66.3
66.4
66.3
66.5
66.59
66.69
66.69
66.9
67.0
66.59
66.3
66.4
66.3
66.4
66.4
66.4
66.5
66.59
66.69
66.5
66.3
66.4
66.5
66.5
66.5
66.59
66.59
66.69
66.8
66.8
66.5
66.3
66.3
66.09
66.19
66.3
66.4
66.5
66.59
66.59
66.5
66.19
66.0
66.0
66.0
66.09
66.3
66.4
66.5
66.59
66.69
66.59
66.4
66.19
66.09
66.3
66.4
66.4
66.5
66.59
66.59
66.59
66.5
66.3
66.19
66.19
66.3
66.4
66.5
66.69
66.8
67.0
67.09
67.09
66.69
66.59
66.5
194.69
66.69
66.8
66.9
67.0
67.0
66.9
66.8
66.5
66.5
66.5
66.5
66.59
66.59
66.69
66.8
66.8
66.59
66.5
66.4
66.4
66.4
66.4
66.5
66.59
66.59
66.69
66.9
66.59
66.5
66.3
66.19
66.5
66.59
66.69
66.9
66.9
67.09
67.09
67.0
66.69
66.5
66.5
66.4
66.59
66.59
66.69
66.8
66.9
67.0
66.8
66.59
66.5
66.4
66.4
66.4
66.5
66.59
66.8
66.9
66.59
66.59
66.3
66.3
66.4
66.4
66.59
66.69
66.9
67.0
67.19
66.69
66.5
66.5
66.59
66.5
66.59
66.59
66.69
66.8
67.0
66.8
66.5
66.59
66.69
66.8
67.0
67.0
67.09
67.09
67.3
67.09
67.09
67.0
66.9
66.8
66.8
66.9
67.09
67.19
67.3
67.4
67.3
67.0
66.8
66.69
66.69
66.9
67.0
67.09
67.19
67.3
67.4
67.5
67.09
67.0
66.8
66.69
66.69
66.9
67.0
67.0
67.0
67.0
67.0
66.69
66.59
66.59
66.59
66.69
66.8
66.9
67.0
67.0
67.09
67.0
66.69
66.5
66.59
66.59
66.69
66.9
67.0
67.09
67.19
67.09
66.59
66.59
66.59
66.59
66.59
66.69
67.0
67.0
67.09
67.19
67.19
67.0
66.8
66.8
66.69
66.69
66.8
66.9
67.0
67.09
67.19
67.3
66.9
66.8
66.69
66.8
67.0
67.0
67.09
67.3
67.4
67.5
67.5
67.3
67.19
67.3
67.3
67.5
67.5
67.69
67.69
67.8
67.9
67.69
67.59
67.59
67.59
67.69
67.69
67.9
68.0
68.0
68.0
68.0
67.69
67.5
67.5
67.59
67.59
67.69
67.69
67.69
67.8
67.8
67.9
68.0
67.69
67.8
67.69
67.8
67.8
67.8
68.0
68.0
68.09
68.0
67.59
67.5
67.4
67.5
67.5
67.59
67.69
67.69
67.8
67.9
67.69
67.5
67.4
67.3
67.3
67.5
67.59
