25.0
25.05
25.07
25.05
25.04
25.05
25.04
25.04
25.04
25.05
25.05
25.05
25.05
25.06
25.05
25.05
25.05
25.06
25.06
25.06
25.06
25.06
25.06
25.06
25.06
25.05
25.05
25.05
25.05
25.05
25.05
25.04
25.04
25.04
25.04
25.04
25.04
25.04
25.04
25.04
25.04
25.04
25.04
25.04
25.04
25.04
25.04
25.04
25.04
25.04
25.05
25.05
25.05
25.05
25.05
25.05
25.05
25.05
25.05
25.05
25.05
25.06
25.06
25.06
25.07
25.08
25.08
25.09
25.1
25.11
25.12
25.13
25.14
25.15
25.16
25.16
25.17
25.18
25.19
25.2
25.21
25.22
25.23
25.23
25.24
25.25
25.26
25.26
25.27
25.27
25.28
25.29
25.29
25.3
25.3
25.3
25.31
25.31
25.31
25.32
25.32
25.32
25.32
25.32
25.33
25.33
25.33
25.33
25.33
25.33
25.33
25.34
25.34
25.34
25.34
25.34
25.34
25.34
25.35
25.35
25.35
25.35
25.35
25.35
25.35
25.35
25.36
